========================================================================================================================
CPT PARA: 'dado(1)'
 TIPO: Multivaluado (ADS - Grupo Completo)
========================================================================================================================
dado(1)                   | dado(2)                   | dado(3)                   | dado(4)                   | dado(5)                   | dado(6)                   | ACCIÓN                    | dado(1)                   | dado(2)                   | dado(3)                   | dado(4)                   | dado(5)                   | dado(6)                   | SUMA                     
--------------------------------------------------------------------------------------------------------------------------------------------------------------------------------------------------------------------------------------------------------------------------------------------------------------------------------------------------------------------------------------------------------
1                         | 0                         | 0                         | 0                         | 0                         | 0                         | tirar                     | 0.1667                    | 0.1667                    | 0.1667                    | 0.1667                    | 0.1667                    | 0.1667                    | 1.0000                   
0                         | 1                         | 0                         | 0                         | 0                         | 0                         | tirar                     | 0.1667                    | 0.1667                    | 0.1667                    | 0.1667                    | 0.1667                    | 0.1667                    | 1.0000                   
0                         | 0                         | 1                         | 0                         | 0                         | 0                         | tirar                     | 0.1667                    | 0.1667                    | 0.1667                    | 0.1667                    | 0.1667                    | 0.1667                    | 1.0000                   
0                         | 0                         | 0                         | 1                         | 0                         | 0                         | tirar                     | 0.1667                    | 0.1667                    | 0.1667                    | 0.1667                    | 0.1667                    | 0.1667                    | 1.0000                   
0                         | 0                         | 0                         | 0                         | 1                         | 0                         | tirar                     | 0.1667                    | 0.1667                    | 0.1667                    | 0.1667                    | 0.1667                    | 0.1667                    | 1.0000                   
0                         | 0                         | 0                         | 0                         | 0                         | 1                         | tirar                     | 0.1667                    | 0.1667                    | 0.1667                    | 0.1667                    | 0.1667                    | 0.1667                    | 1.0000                   
